0 3 100.00 200.00 150.00
1 2 50.00 75.00
4 1 300.00
6 4 100.00 200.00 150.00 175.00
7 2 200.00 750.00 
8 9 100.00 20.00 50.00 45.00 700.00 85.00 60.00 500.00 90.00
11 6 120.00 135.00 30.00 410.00 8.00 200.00
12 4 100.00 300.00 550.00 400.00 
13 3 1000.00 370.00 485.00
16 5 2000.00 370.00 400.00 780.00 40.00
17 4 200.00 450.00 780.00 200.00
22 7 240.00 650.00 700.00 910.00 600.00 545.00 710.00
23 2 100.00 300.00
25 6 100.00 320.00 450.00 300.00 500.00 55.00
27 4 250.00 345.00 720.00 900.00
28 5 245.00 300.00 700.00 820.00 235.00
30 6 1200.00 30.00 80.00 200.00 90.00 800.00
31 4 120.00 300.00 800.00 90.00